c,p両方でshepherd p3=8.0
clh,83,69,53,37,27
clm,79,64,45,31,17
cll,76,53,37,21,10
plh,99,98,98,97,96
plm,100,100,98,92,97
pll,99,98,99,90,94
cmh,83,72,52,46,38,30,26,16,15,4,3,2,0,1,0
cmm,73,60,48,33,23,17,9,5,2,1,2,2,1,0,0
cml,73,60,48,33,23,17,9,5,2,1,2,2,1,0,0
pmh,39,30,20,15,9,17,12,9,9,6,8,4,3,3,3
pmm,12,9,8,6,0,4,2,1,1,0,0,0,0,0,0
pml,4,0,1,0,0,0,0,0,0,0,0,0,0,0,0
chl,0,0,0,0,0,1,0,0,0,0,0,0,0,0,0,0,0,0,0,0,0,0,0,0,0

###
c,p両方でshepherd p3=4.0
pll,100,99,100,97,96
plm,100,100,97,99,94
plh,100,100,99,98,97
cll,68,50,27,18,9
clm,76,55,35,24,13
clh,84,67,51,41,26
pml,100,100,97,100,100,99,99,99,100,98,98,97,98,98,98
pmm,100,100,99,99,100,100,99,98,100,100,100,99,99,99,97
pmh,100,100,100,98,98,100,99,100,100,100,98,100,98,97,96
cml,65,39,19,14,8,8,3,0,0,0,0,0,0,0,0
cmm,78,52,38,25,17,9,3,3,1,0,1,0,0,0,0
cmh,80,66,52,40,29,24,16,9,7,5,3,1,0,0,0
phl,100,100,96,99,95,95,92,90,90,87,82,83,79,81,75,69,58,54,59,49,54,56,42,46,45
phm,100,100,100,100,99,99,100,100,98,97,98,100,96,99,97,86,85,90,84,86,79,84,81,77,81
phh,100,100,98,100,98,100,99,100,100,99,99,98,100,98,96,99,99,99,96,97,96,93,96,98,92
chl,66,36,23,14,11,5,2,0,1,1,0,0,0,0,0,0,0,0,0,0,0,0,0,0,0
chm,72,56,37,19,15,7,5,3,1,2,2,1,1,0,0,0,0,0,0,0,0,0,0,0,0
chh,77,61,42,30,23,19,10,6,3,6,3,3,1,2,0,0,0,0,0,0,0,0,0,0,0
###

N=10
"proposed, rho =0.0006",pll,100,99,100,97,96
"proposed, rho =0.0008",plm,100,100,97,99,94
"proposed, rho =0.0010",plh,100,100,99,98,97
"conventional, rho =0.0006",cll,68,50,27,18,9
"conventional, rho =0.0008",clm,76,55,35,24,13
"conventional, rho =0.0010",clh,84,67,51,41,26

N=30
"proposed, rho =0.0006",pml,100,100,97,100,100,99,99,99,100,98,98,97,98,98,98
"proposed, rho =0.0008",pmm,100,100,99,99,100,100,99,98,100,100,100,99,99,99,97
"proposed, rho =0.0010",pmh,100,100,100,98,98,100,99,100,100,100,98,100,98,97,96
"conventional, rho =0.0006",cml,65,39,19,14,8,8,3,0,0,0,0,0,0,0,0
"conventional, rho =0.0008",cmm,78,52,38,25,17,9,3,3,1,0,1,0,0,0,0
"conventional, rho =0.0010",cmh,80,66,52,40,29,24,16,9,7,5,3,1,0,0,0

N=50
"proposed, rho =0.0006",phl,100,100,96,99,95,95,92,90,90,87,82,83,79,81,75,69,58,54,59,49,54,56,42,46,45
"proposed, rho =0.0008",phm,100,100,100,100,99,99,100,100,98,97,98,100,96,99,97,86,85,90,84,86,79,84,81,77,81
"proposed, rho =0.0010",phh,100,100,98,100,98,100,99,100,100,99,99,98,100,98,96,99,99,99,96,97,96,93,96,98,92
"conventional, rho =0.0006",chl,66,36,23,14,11,5,2,0,1,1,0,0,0,0,0,0,0,0,0,0,0,0,0,0,0
"conventional, rho =0.0008",chm,72,56,37,19,15,7,5,3,1,2,2,1,1,0,0,0,0,0,0,0,0,0,0,0,0
"conventional, rho =0.0010",chh,77,61,42,30,23,19,10,6,3,6,3,3,1,2,0,0,0,0,0,0,0,0,0,0,0

rho=0.0006
"proposed, N=10",pll,100,99,100,97,96
"proposed, N=30",pml,100,100,97,100,100,99,99,99,100,98,98,97,98,98,98
"proposed, N=50",phl,100,100,96,99,95,95,92,90,90,87,82,83,79,81,75,69,58,54,59,49,54,56,42,46,45
"conventional, N=10",cll,68,50,27,18,9
"conventional, N=30",cml,65,39,19,14,8,8,3,0,0,0,0,0,0,0,0
"conventional, N=50",chl,66,36,23,14,11,5,2,0,1,1,0,0,0,0,0,0,0,0,0,0,0,0,0,0,0

rho=0.0008
"proposed, N=10",plm,100,100,97,99,94
"proposed, N=30",pmm,100,100,99,99,100,100,99,98,100,100,100,99,99,99,97
"proposed, N=50",phm,100,100,100,100,99,99,100,100,98,97,98,100,96,99,97,86,85,90,84,86,79,84,81,77,81
"conventional, N=10",clm,76,55,35,24,13
"conventional, N=30",cmm,78,52,38,25,17,9,3,3,1,0,1,0,0,0,0
"conventional, N=50",chm,72,56,37,19,15,7,5,3,1,2,2,1,1,0,0,0,0,0,0,0,0,0,0,0,0

rho=0.0010
"proposed, N=10",plh,100,100,99,98,97
"proposed, N=30",phh,100,100,98,100,98,100,99,100,100,99,99,98,100,98,96,99,99,99,96,97,96,93,96,98,92
"proposed, N=50",pmh,100,100,100,98,98,100,99,100,100,100,98,100,98,97,96
"conventional, N=10",clh,84,67,51,41,26
"conventional, N=30",cmh,80,66,52,40,29,24,16,9,7,5,3,1,0,0,0
"conventional, N=50",chh,77,61,42,30,23,19,10,6,3,6,3,3,1,2,0,0,0,0,0,0,0,0,0,0,0
